GRATING COUPLER GEOMETRY EXPORT
==================================================
Generated from Zhao & Fan (2020) apodized grating design

DESIGN PARAMETERS:
Total grating length: 17.00 μm
Number of trenches: 28
Wavelength: 1.55 μm
Target angle: 6.9°
Etch depth: 70 nm
Min etch length: 80.0 nm
Max etch length: 200.0 nm

TRENCH SPECIFICATIONS:
------------------------------------------------------------
Trench  Position   Length    Pitch   Phase_Corr
  #       (μm)      (nm)     (μm)      (nm)
------------------------------------------------------------
   1      0.100     80.0    0.594       0.00
   2      0.694     80.0    0.594       0.00
   3      1.288     80.0    0.594      -3.58
   4      1.878     85.9    0.595     -10.13
   5      2.463    102.7    0.598     -10.42
   6      3.051    120.0    0.601     -12.79
   7      3.640    137.2    0.605     -20.94
   8      4.223    171.9    0.611     -16.92
   9      4.817    200.0    0.616       0.00
  10      5.434    200.0    0.616       0.00
  11      6.050    200.0    0.616       0.00
  12      6.667    200.0    0.616       0.00
  13      7.283    200.0    0.616       0.00
  14      7.899    200.0    0.616       0.00
  15      8.516    200.0    0.616       0.00
  16      9.132    200.0    0.616       0.00
  17      9.748    200.0    0.616       0.00
  18     10.365    200.0    0.616       0.00
  19     10.981    200.0    0.616       0.00
  20     11.597    200.0    0.616       0.00
  21     12.214    200.0    0.616       0.00
  22     12.830    200.0    0.616       0.00
  23     13.447    200.0    0.616       0.00
  24     14.063    200.0    0.616       0.00
  25     14.679    200.0    0.616       0.00
  26     15.296    200.0    0.616       0.00
  27     15.912    200.0    0.616       0.00
  28     16.528    200.0    0.616       0.00

COORDINATE DATA:
(Position, Etch_Length) pairs in micrometers:
(0.1000, 0.0800)
(0.6939, 0.0800)
(1.2879, 0.0800)
(1.8783, 0.0859)
(2.4632, 0.1027)
(3.0510, 0.1200)
(3.6396, 0.1372)
(4.2233, 0.1719)
(4.8175, 0.2000)
(5.4338, 0.2000)
(6.0502, 0.2000)
(6.6666, 0.2000)
(7.2829, 0.2000)
(7.8993, 0.2000)
(8.5157, 0.2000)
(9.1320, 0.2000)
(9.7484, 0.2000)
(10.3647, 0.2000)
(10.9811, 0.2000)
(11.5975, 0.2000)
(12.2138, 0.2000)
(12.8302, 0.2000)
(13.4465, 0.2000)
(14.0629, 0.2000)
(14.6793, 0.2000)
(15.2956, 0.2000)
(15.9120, 0.2000)
(16.5283, 0.2000)
